103.60
105.60
109.40
115.20
107.60
128.00
130.00
113.40
94.20
106.80
108.80
132.00
123.00
119.20
111.80
126.00
127.40
124.00
116.40
119.80
116.80
131.40
128.00
114.20
114.40
129.00
131.60
128.20
34.00
108.80
112.80
144.80
119.20
140.80
139.20
132.00
133.00
108.20
114.60
134.20
133.60
109.80
116.00
127.20
116.00
127.00
66.80
112.20
109.20
120.40
112.20
124.00
122.40
94.00
1.80
0.00
0.00
0.00
0.00
0.00
3.40
51.80
0.00
0.00
0.00
0.00
0.00
0.00
0.00
0.00
0.00
0.00
0.00
0.00
0.00
0.00
0.00
0.00
0.00
0.00
0.00
0.00
0.00
111.60
109.20
3.60
106.80
122.60
139.20
12.40
28.20
122.60
124.60
108.40
0.60
127.60
112.80
113.40
96.20
96.20
125.20
116.60
116.60
116.60
116.60
116.60
116.60
116.60
116.60
116.60
127.40
113.80
15.20
24.00
4.60
120.40
0.20
0.80
3.20
0.40
5.80
1.40
13.80
0.40
128.80
